layout_spectrum: 0.3313641
typography_spectrum: 0.2389903
color:
  saturation: 0.8082706
  lightness: 0.2841031
  brandStrength: 0.472073
  rhythmicContrast: 0.6965628
name: CrazyKangaroo
